// Buya - Hutan
1000,	76,	155,	10000,	14,	4
1000,	77,	155,	10000,	15,	4
10000,	13,	2,	1000,	76,	154
10000,	14,	2,	1000,	76,	154
10000,	15,	2,	1000,	77,	154
10000,	16,	2,	1000,	77,	154

////////// Rabbit Cave ///////////

// Buya - Rabbit 1
1000,	53,	135,	1106,	9,	18
1000,	52,	135,	1106,	9,	18
1106,	10,	19,	1000,	53,	136
1106,	9,	19,	1000,	53,	136
1106,	8,	19,	1000,	52,	136

// Rabbit 1 - Rabbit 2
1106,	8,	0,	1107,	8,	18
1106,	9,	0,	1107,	9,	18
1106,	10,	0,	1107,	10,	18
1107,	8,	19,	1106,	8,	1
1107,	9,	19,	1106,	9,	1
1107,	10,	19,	1106,	10,	1

// Rabbit 2 - Rabbit 3
1107,	8,	0,	1108,	8,	18
1107,	9,	0,	1108,	9,	18
1107,	10,	0,	1108,	10,	18
1108,	8,	19,	1107,	8,	1
1108,	9,	19,	1107,	9,	1
1108,	10,	19,	1107,	10,	1

// Rabbit 3 - Rabbit 4
1108,	8,	0,	1109,	8,	18
1108,	9,	0,	1109,	9,	18
1108,	10,	0,	1109,	10,	18
1109,	8,	19,	1108,	8,	1
1109,	9,	19,	1108,	9,	1
1109,	10,	19,	1108,	10,	1


//////////// Buya /////////////

// Buya - Yunsil
1000,	57,	135,	1001,	3,	12
1000,	58,	135,	1001,	4,	12
1000,	62,	135,	1001,	22,	12
1000,	63,	135,	1001,	22,	12
1001,	3,	13,	1000,	57,	136
1001,	4,	13,	1000,	58,	136
1001,	22,	13,	1000,	62,	136
1001,	21,	13,	1000,	62,	136
1001,	23,	13,	1000,	63,	136
1001,	2,	13,	1000,	57,	136
1001,	5,	13,	1000,	58,	136

// Buya - Spring
1000,	43,	104,	1002,	3,	12
1000,	44,	104,	1002,	4,	12
1000,	46,	104,	1002,	21,	12
1000,	47,	104,	1002,	22,	12
1002,	3,	13,	1000,	43,	105
1002,	4,	13,	1000,	44,	105
1002,	21,	13,	1000,	46,	105
1002,	22,	13,	1000,	47,	105

// Buya - Pepper
1000,	36,	104,	1006,	3,	12
1000,	37,	104,	1006,	4,	12
1006,	3,	13,	1000,	36,	105
1006,	4,	13,	1000,	37,	105

// Welcome to mynexia - Great Tree
2,	12,	14,	3,	2,	1
2,	13,	14,	3,	2,	1
3,	2,	0,	2,	13,	13

// Buya - Jadespear
1000,	55,	121,	1015,	5,	8
1000,	56,	121,	1015,	6,	8
1015,	5,	9,	1000,	55,	122
1015,	6,	9,	1000,	56,	122

// Buya - Dok workshop(smith)
1000,	18,	102,	1014,	5,	9
1000,	19,	102,	1014,	6,	9
1014,	5,	10,	1000,	18,	103
1014,	6,	10,	1000,	19,	103

// Buya - Blossom Taylor (Girl)
1000,	19,	118,	1019,	5,	10
1000,	20,	118,	1019,	6,	10
1019,	5,	11,	1000,	19,	119
1019,	6,	11,	1000,	20,	119

// Buya - Cuti Taylor (Boy)
1000,	18,	126,	1018,	4,	10
1000,	19,	126,	1018,	5,	10
1018,	4,	11,	1000,	18,	127
1018,	5,	11,	1000,	19,	127

// Buya - Chapel
1000,	73,	102,	1007,	6,	15
1000,	74,	102,	1007,	6,	15
1007,	5,	16,	1000,	73,	103
1007,	6,	16,	1000,	74,	103
1007,	7,	16,	1000,	74,	103

// Buya - West Path
1000,	0,	90,	1008,	23,	8
1000,	0,	91,	1008,	23,	9
1008,	24,	8,	1000,	1,	91
1008,	24,	9,	1000,	1,	90

// Buya - Library
1000,	55,	73,	1009,	4,	3
1000,	56,	73,	1009,	4,	3
1009,	3,	2,	1000,	55,	74
1009,	4,	2,	1000,	56,	74
1009,	5,	2,	1000,	56,	74

// Buya - Trial of Buya
1000,	72,	52,	1010,	13,	38
1000,	73,	52,	1010,	14,	38
1000,	74,	52,	1010,	16,	38
1010,	13,	39,	1000,	72,	53
1010,	14,	39,	1000,	73,	53
1010,	15,	39,	1000,	74,	53
1010,	16,	39,	1000,	74,	53

// Buya - Sunset
1000,	82,	130,	1011,	5,	10
1000,	83,	130,	1011,	6,	10
1011,	5,	11,	1000,	82,	131
1011,	6,	11,	1000,	83,	131

// Buya - Deludge
1000,	118,	133,	1012,	5,	8
1000,	119,	133,	1012,	6,	8
1012,	5,	9,	1000,	118,	134
1012,	6,	9,	1000,	119,	134

// Buya - Prophet Strom
1000,	125,	57,	1013,	5,	8
1000,	126,	57,	1013,	6,	8
1013,	5,	9,	1000,	125,	58
1013,	6,	9,	1000,	126,	58

// Buya - Ogi Meat Shop
1000,	38,	128,	1016,	5,	10
1000,	39,	128,	1016,	6,	10
1016,	5,	11,	1000,	38,	129
1016,	6,	11,	1000,	39,	129

// Buya - Bagai Medicine Shop
1000,	29,	142,	1017,	4,	8
1000,	30,	142,	1017,	5,	8
1017,	4,	9,	1000,	29,	143
1017,	5,	9,	1000,	30,	143

// Buya - Warrior Community
1000,	26,	24,	1020,	8,	22
1000,	27,	24,	1020,	9,	22
1020,	8,	23,	1000,	26,	25
1020,	9,	23,	1000,	27,	25

// Warrior Community - Knight Yebaek
1020,	8,	0,	1021,	5,	18
1020,	9,	0,	1021,	6,	18
1021,	5,	19,	1020,	8,	1
1021,	6,	19,	1020,	9,	1

// Buya - Rogue Community
1000,	21,	87,	1022,	8,	22
1000,	22,	87,	1022,	9,	22
1022,	8,	23,	1000,	21,	88
1022,	9,	23,	1000,	22,	88

// Rogue Community - Thief Maso
1022,	8,	0,	1023,	5,	18
1022,	9,	0,	1023,	6,	18
1023,	5,	19,	1022,	8,	1
1023,	6,	19,	1022,	9,	1

// Buya - Mage Community
1000,	126,	34,	1024,	8,	22
1000,	127,	34,	1024,	9,	22
1024,	8,	23,	1000,	126,	35
1024,	9,	23,	1000,	127,	35

// Mage Community - Wizzard eldritch
1024,	8,	0,	1025,	5,	18
1024,	9,	0,	1025,	6,	18
1025,	5,	19,	1024,	8,	1
1025,	6,	19,	1024,	9,	1

// Buya - Poet Community
1000,	96,	100,	1026,	8,	22
1000,	97,	100,	1026,	9,	22
1026,	8,	23,	1000,	96,	101
1026,	9,	23,	1000,	97,	101

// Poet Community - Bard Song
1026,	8,	0,	1027,	5,	18
1026,	9,	0,	1027,	6,	18
1027,	5,	19,	1026,	8,	1
1027,	6,	19,	1026,	9,	1

// Great Tree - mYnexia Bridge
3,	29,	13,	5,	1,	11
5,	0,	11,	3,	28,	13
5,	0,	12,	3,	28,	13

// Dae shore 1 - Dae shore
2002,	14,	39,	2001,	78,	35
2002,	15,	39,	2001,	78,	36
2001,	79,	35,	2002,	14,	38
2001,	79,	36,	2002,	15,	38

// Dae Shore - Kugnae
2001,	39,	63,	2000,	218,	107
2001,	40,	63,	2000,	218,	108
2001,	41,	63,	2000,	218,	109
2000,	219,	107,	2001,	39,	62
2000,	219,	108,	2001,	40,	62
2000,	219,	109,	2001,	41,	62

// Hutan1 - 2
10000,	6,	4,	10000,	201,	7
10000,	5,	4,	10000,	200,	7
10000,	201,	6,	10000,	6,	5
10000,	200,	6,	10000,	5,	5

// Hutan - Sage
10000,	180,	5,	10001,	7,	13
10000,	181,	5,	10001,	8,	13
10001,	7,	14,	10000,	180,	6
10001,	8,	14,	10000,	181,	6

////////// Rat Cave ///////////

// Buya - Rat Cave 1
1000,	15,	77,	1028,	10,	18
1000,	16,	77,	1028,	10,	18
1028,	10,	19,	1000,	15,	78

// Rat Cave 1 - Rat Cave 2
1028,	13,	15,	1029,	5,	18
1029,	5,	19,	1028,	13,	16

// Rat Cave 2 - Rat Cave 3
1029,	7,	2,	1030,	7,	28
1029,	8,	2,	1030,	7,	28
1030,	7,	29,	1029,	9,	2

// Rat Cave 3 - Rat Cave 4
1030,	4,	10,	1031,	15,	18
1031,	15,	19,	1030,	4,	11

// Rat Cave 4 - Rat Cave 5
1031,	14,	1,	1032,	14,	16
1032,	14,	17,	1031,	14,	2

// Rat Cave 5 - Rat Cave 6
1032,	17,	4,	1033,	2,	10
1033,	2,	11,	1032,	17,	5

//////////////////////////////////

// Buya - Snake Cave 1
1000,	19,	140,	1034,	10,	24
1000,	20,	140,	1034,	10,	24
1034,	10,	25,	1000,	19,	141

// Snake Cave 1 - Snake Cave 2
1034,	11,	7,	1035,	1,	1
1035,	0,	1,	1034,	10,	7
1035,	0,	2,	1034,	10,	7

// Snake Cave 2 - Snake Cave 3
1035,	19,	12,	1036,	6,	8
1036,	6,	7,	1035,	19,	13

// Snake Cave 3 - Snake Cave 4
1036,	1,	3,	1037,	8,	8
1037,	9,	8,	1036,	2,	3

// Snake Cave 4 - Snake Cave 5
1037,	17,	19,	1038,	3,	1
1037,	18,	19,	1038,	4,	1
1038,	3,	0,	1037,	17,	18
1038,	4,	0,	1037,	18,	18
1038,	5,	0,	1037,	18,	18

///////// Bear Cave /////////////////

// Buya - Bear Cave 1
1000,	111,	125,	1039,	12,	1
1000,	112,	125,	1039,	12,	1
1039,	12,	0,	1000,	112,	126

// Bear Cave 1 - Bear Cave 2
1039,	16,	16,	1039,	19,	20
1039,	18,	20,	1039,	16,	15

// Bear Cave 2 - Bear Cave 3
1039,	14,	25,	1040,	26,	23
1040,	26,	22,	1039,	14,	26

// Bear Cave 3 - Bear Cave 4
1040,	14,	0,	1041,	2,	26
1041,	2,	27,	1040,	14,	1

// Bear Cave 4 - Bear Cave 5
1041,	15,	3,	1042,	1,	19
1042,	0,	18,	1041,	15,	4
1042,	0,	19,	1041,	15,	4
1042,	0,	20,	1041,	15,	4

// Bear Cave 5 - Bear Cave 6
1042,	23,	4,	1043,	9,	3
1043,	9,	2,	1042,	23,	5

// Bear Cave 6 - Bear Cave 7
1043,	15,	19,	1044,	11,	28
1044,	10,	29,	1043,	15,	20
1044,	11,	29,	1043,	15,	20
1044,	12,	29,	1043,	15,	20

// Bear Cave 7 - Buya
1044,	18,	2,	1000,	99,	113


///////////////////////////////////

// Buya - Fox Cave 1
1000,	124,	143,	1045,	11,	28
1000,	125,	143,	1045,	12,	28
1045,	11,	29,	1000,	124,	144
1045,	12,	29,	1000,	125,	144

// Fox Cave 1 - Fox Cave 2
1045,	1,	6,	1046,	18,	29
1046,	19,	29,	1045,	1,	7

// Fox Cave 2 - Fox Cave 3
1046,	3,	18,	1047,	6,	8
1047,	6,	7,	1046,	4,	18

// Fox Cave 3 - Fox Cave 4
1047,	22,	3,	1048,	1,	26
1048,	1,	27,	1047,	22,	4

// Fox Cave 4 - Fox Cave 5
1048,	14,	21,	1049,	14,	1
1049,	14,	0,	1048,	14,	20

// Fox Cave 5 - Fox Cave 6
1049,	12,	21,	1050,	14,	1
1050,	14,	0,	1049,	12,	22

// Fox Cave 6 - Fox Cave 7
1050,	15,	21,	1051,	6,	19
1051,	6,	18,	1050,	15,	22

// Fox Cave 7 - Fox Cave 8
1051,	10,	5,	1052,	19,	2
1052,	19,	1,	1051,	10,	6

// Fox Cave 8 - Fox Cave 9
1052,	5,	19,	1053,	23,	3
1053,	23,	2,	1052,	5,	18

// Fox Cave 9 - Fox Cave 10
1053,	21,	28,	1054,	17,	12
1054,	17,	11,	1053,	21,	27

// Fox Cave 10 - Buya
1054,	3,	8,	1000,	125,	144

/////////////////////////////////////

// Buya - North Cross Road
1000,	72,	0,	1103,	7,	23
1000,	73,	0,	1103,	8,	23
1000,	74,	0,	1103,	9,	23
1103,	7,	24,	1000,	72,	1
1103,	8,	24,	1000,	73,	1
1103,	9,	24,	1000,	74,	1

// North Cross Road - Market
1103,	7,	0,	500,	20,	48
1103,	8,	0,	500,	21,	48
1103,	9,	0,	500,	21,	48
500,	20,	49,	1103,	7,	1
500,	21,	49,	1103,	9,	1

// Market - Mythic I              
500,	5,	8,	6000,	29,	1
500,	6,	8,	6000,	30,	1
6000,	29,	0,	500,	5,	9
6000,	30,	0,	500,	6,	9

// Market - Tower
500,	16,	5,	8,	15,	31
500,	17,	5,	8,	15,	31
500,	18,	5,	8,	15,	31
8,	14,	32,	500,	17,	6
8,	15,	32,	500,	17,	6
8,	16,	32,	500,	17,	6

// Tower - Lobby
8,	14,	19,	9,	7,	15
8,	15,	19,	9,	8,	15
8,	16,	19,	9,	9,	15
9,	7,	16,	8,	15,	27
9,	8,	16,	8,	15,	27
9,	9,	16,	8,	15,	27

// Lobby - Elevator
9,	7,	3,	10,	8,	4
9,	8,	3,	10,	8,	4
9,	9,	3,	10,	8,	4

// Bridge - Elevator
12,	7,	2,	10,	8,	4
12,	8,	2,	10,	8,	4
12,	9,	2,	10,	8,	4

// Bridge - Mall (bridge)
12,	16,	7,	13,	1,	7
12,	16,	8,	13,	1,	8
12,	16,	9,	13,	1,	8
13,	0,	7,	12,	15,	7
13,	0,	8,	12,	15,	8

// Mall(bridge) - Mall
13,	6,	7,	14,	1,	16
13,	6,	8,	14,	1,	17
14,	0,	16,	13,	5,	7
14,	0,	17,	13,	5,	8
14,	0,	18,	13,	5,	8


// Mall - Mall 2nd Floor
14,	9,	0,	15,	9,	4
14,	10,	0,	15,	9,	4
15,	8,	3,	14,	9,	4
15,	9,	3,	14,	9,	4
15,	10,	3,	14,	9,	4
14,	24,	0,	15,	25,	4
14,	25,	0,	15,	25,	4
15,	24,	3,	14,	24,	4
15,	25,	3,	14,	24,	4
15,	26,	3,	14,	24,	4

// Mall - Mall(outside)
14,	14,	30,	13,	16,	25
14,	15,	30,	13,	16,	25
14,	16,	30,	13,	16,	25
14,	17,	30,	13,	16,	25
14,	18,	30,	13,	17,	25
14,	19,	30,	13,	17,	25
14,	20,	30,	13,	17,	25
13,	15,	19,	14,	17,	28
13,	16,	19,	14,	17,	28
13,	17,	19,	14,	17,	28
13,	18,	19,	14,	17,	28

// Mall - Market
13,	2,	28,	500,	28,	1
13,	3,	28,	500,	29,	1
500,	28,	0,	13,	2,	27
500,	29,	0,	13,	3,	27
13,	30,	28,	500,	41,	1
13,	31,	28,	500,	42,	1
500,	41,	0,	13,	30,	27
500,	42,	0,	13,	31,	27

// Kugnae - Castle
2000,	116,	1,	20000,	13,	16
2000,	117,	1,	20000,	14,	16
20000,	13,	15,	2000,	116,	2
20000,	14,	15,	2000,	117,	2

//Castle - Castle inn
20001,	29,	14,	20012,	5,	2
20001,	30,	14,	20012,	6,	2
20001,	31,	14,	20012,	7,	2
20001,	32,	14,	20012,	7,	2
20012,	4,	1,	20001,	30,	15
20012,	5,	1,	20001,	30,	15
20012,	6,	1,	20001,	30,	15
20012,	7,	1,	20001,	31,	15
20012,	8,	1,	20001,	31,	15

// Sewer ////////////////////////////

// Sewer 1 - Castle
20002,	0,	7,	20001,	60,	52
20002,	0,	8,	20001,	60,	52
20002,	0,	9,	20001,	60,	53
20002,	0,	10,	20001,	60,	53
20001,	61,	52,	20002,	1,	8
20001,	61,	53,	20002,	1,	9

// Sewer 1 - Sewer 2
20002,	37,	0,	20003,	5,	15
20002,	38,	0,	20003,	6,	15
20002,	39,	0,	20003,	7,	15
20002,	40,	0,	20003,	8,	15
20003,	5,	16,	20002,	37,	1
20003,	6,	16,	20002,	38,	1
20003,	7,	16,	20002,	39,	1
20003,	8,	16,	20002,	40,	1

// Sewer 2 - Sewer 3
20003,	39,	7,	20004,	1,	7
20003,	39,	8,	20004,	1,	8
20003,	39,	9,	20004,	1,	9
20003,	39,	10,	20004,	1,	10
20004,	0,	7,	20003,	38,	7
20004,	0,	8,	20003,	38,	8
20004,	0,	9,	20003,	38,	9
20004,	0,	10,	20003,	38,	10

// Sewer 3 - Sewer 4
20004,	18,	0,	20005,	7,	28
20004,	19,	0,	20005,	8,	28
20004,	20,	0,	20005,	9,	28
20004,	21,	0,	20005,	10,	28
20005,	7,	29,	20004,	18,	1
20005,	8,	29,	20004,	19,	1
20005,	9,	29,	20004,	20,	1
20005,	10,	29,	20004,	21,	1

// Sewer 3 - Sewer 5
20004,	18,	16,	20006,	7,	1
20004,	19,	16,	20006,	8,	1
20004,	20,	16,	20006,	9,	1
20004,	21,	16,	20006,	10,	1
20006,	7,	0,	20004,	18,	15
20006,	8,	0,	20004,	19,	15
20006,	9,	0,	20004,	20,	15
20006,	10,	0,	20004,	21,	15

// Sewer 3 - Sewer 6
20004,	29,	7,	20007,	1,	7
20004,	29,	8,	20007,	1,	8
20004,	29,	9,	20007,	1,	9
20004,	29,	10,	20007,	1,	10
20007,	0,	7,	20004,	28,	7
20007,	0,	8,	20004,	28,	8
20007,	0,	9,	20004,	28,	9
20007,	0,	10,	20004,	28,	10

// Sewer 6 - Sewer 7
20007,	18,	0,	20008,	7,	28
20007,	19,	0,	20008,	8,	28
20007,	20,	0,	20008,	9,	28
20007,	21,	0,	20008,	10,	28
20008,	7,	29,	20007,	18,	1
20008,	8,	29,	20007,	19,	1
20008,	9,	29,	20007,	20,	1
20008,	10,	29,	20007,	21,	1

// Sewer 7 - Sewer 8
20007,	18,	16,	20009,	7,	1
20007,	19,	16,	20009,	8,	1
20007,	20,	16,	20009,	9,	1
20007,	21,	16,	20009,	10,	1
20009,	7,	0,	20007,	18,	15
20009,	8,	0,	20007,	19,	15
20009,	9,	0,	20007,	20,	15
20009,	10,	0,	20007,	21,	15

// Sewer 8 - Sewer 9
20007,	29,	7,	20010,	1,	7
20007,	29,	8,	20010,	1,	8
20007,	29,	9,	20010,	1,	9
20007,	29,	10,	20010,	1,	10
20010,	0,	7,	20007,	28,	7
20010,	0,	8,	20007,	28,	8
20010,	0,	9,	20007,	28,	9
20010,	0,	10,	20007,	28,	10

// Sewer 9 - Sewer 10
20010,	59,	7,	20011,	1,	10
20010,	59,	8,	20011,	1,	11
20010,	59,	9,	20011,	1,	12
20010,	59,	1,	20011,	1,	130
20011,	0,	10,	20010,	58,	7
20011,	0,	11,	20010,	58,	8
20011,	0,	12,	20010,	58,	9
20011,	0,	13,	20010,	58,	10

// Sewer 10 - Castle
20011,	10,	3,	20001,	48,	52
20011,	11,	3,	20001,	48,	52

// Castle
20001,	53,	59,	20001,	53,	57
20001,	54,	57,	20001,	54,	59
20001,	30,	59,	20001,	30,	57
20001,	31,	57,	20001,	31,	59
20001,	6,	59,	20001,	8,	57
20001,	7,	57,	20001,	7,	59

// Red Tiger /////////////////////

// Buya - Red tiger 1
1000,	88,	24,	1055,	1,	4
1000,	89,	24,	1055,	1,	4
1055,	0,	3,	1000,	88,	25
1055,	0,	4,	1000,	89,	25
1055,	0,	5,	1000,	89,	25

// Red tiger 1  - Red tiger 2
1055,	29,	24,	1056,	1,	1
1055,	29,	25,	1056,	1,	1
1055,	29,	26,	1056,	1,	1
1056,	1,	0,	1055,	28,	25

// Red tiger 2 - Red tiger 3
1056,	25,	27,	1057,	5,	12
1056,	26,	27,	1057,	5,	12
1057,	5,	11,	1056,	25,	26

// Red tiger 3 - Red tiger 4
1057,	10,	19,	1058,	4,	15
1058,	4,	14,	1057,	10,	20

// Red tiger 4 - Red tiger 5
1058,	21,	21,	1059,	3,	15
1059,	3,	14,	1058,	21,	22

// Red tiger 5 - Red tiger 6
1059,	22,	9,	1060,	7,	8
1060,	7,	7,	1059,	22,	10

// Red tiger 6 - Red tiger 7
1060,	14,	22,	1061,	1,	3
1061,	1,	2,	1060,	14,	23

// Red tiger 7 - Red tiger 8
1061,	12,	10,	1062,	1,	9
1062,	1,	8,	1061,	12,	11

// Red tiger 8 - Red tiger 9
1062,	19,	11,	1063,	1,	6
1063,	1,	5,	1062,	19,	12

// Red tiger 9 - Red tiger 10
1063,	17,	10,	1064,	6,	5
1064,	6,	4,	1063,	17,	11

// Red tiger 10 - Buya
1064,	27,	3,	1000,	112,	126

//// Dark ghost ///////////////////////

// Buya - Dark Ghost 1
1000,	127,	130,	1084,	16,	28
1000,	128,	130,	1084,	17,	28
1084,	16,	29,	1000,	127,	131
1084,	17,	29,	1000,	128,	131

// Dark Ghost 1 - Dark Ghost 2
1084,	13,	3,	1085,	6,	10
1084,	14,	3,	1085,	7,	10
1085,	6,	9,	1084,	13,	4
1085,	7,	9,	1084,	14,	4

// Dark Ghost 2 - Dark Ghost 3
1085,	13,	3,	1086,	11,	18
1085,	14,	3,	1086,	12,	18
1086,	11,	19,	1085,	13,	4
1086,	12,	19,	1085,	14,	4

// Dark Ghost 3 - Dark Ghost 4
1086,	19,	3,	1087,	5,	28
1086,	19,	4,	1087,	6,	28
1087,	5,	29,	1086,	18,	3
1087,	6,	29,	1086,	18,	4

// Dark Ghost 4 - Dark Ghost 5
1087,	22,	1,	1088,	14,	12
1087,	23,	1,	1088,	15,	12
1088,	14,	11,	1087,	22,	2
1088,	15,	11,	1087,	23,	2

// Dark Ghost 5 - Dark Ghost 6
1088,	9,	1,	1089,	9,	18
1089,	9,	19,	1088,	9,	2
1089,	10,	19,	1088,	9,	2

// Dark Ghost 6 - Dark Ghost 7
1089,	9,	2,	1090,	13,	23
1089,	10,	2,	1090,	14,	23
1090,	13,	24,	1089,	9,	3
1090,	14,	24,	1089,	10,	3

// Dark Ghost 7 - Dark Ghost 8 
1090,	11,	15,	1091,	9,	13
1090,	12,	15,	1091,	10,	13
1091,	9,	14,	1090,	11,	16
1091,	10,	14,	1090,	12,	16

// Dark Ghost 8 - Dark Ghost 9
1091,	5,	0,	1092,	9,	14
1091,	6,	0,	1092,	9,	14
1092,	9,	16,	1091,	5,	1

// Dark ghost 9 - Buya
1092,	9,	4,	1000,	127,	131
1092,	10,	4,	1000,	128,	131

/// Ghost cave /////////////////////

// Buya - Ghost cave 1
1000,	132,	22,	1075,	15,	15
1000,	133,	22,	1075,	16,	15
1075,	15,	14,	1000,	132,	23
1075,	16,	14,	1000,	133,	23

// Ghost cave 1 - Ghost cave 2
1075,	13,	25,	1076,	17,	23
1075,	14,	25,	1076,	18,	23
1076,	17,	24,	1075,	13,	26
1076,	18,	24,	1075,	14,	26

// Ghost cave 2 - Ghost cave 3
1076,	24,	3,	1077,	8,	23
1076,	24,	4,	1077,	9,	23
1077,	8,	24,	1076,	23,	3
1077,	9,	24,	1076,	23,	4

// Ghost cave 3 - Ghost cave 4
1077,	6,	0,	1078,	9,	3
1077,	7,	0,	1078,	10,	3
1078,	9,	2,	1077,	6,	1
1078,	10,	2,	1077,	7,	1

// Ghost cave 4 - Ghost cave 5
1078,	19,	2,	1079,	7,	23
1078,	20,	2,	1079,	8,	23
1079,	7,	24,	1078,	19,	3
1079,	8,	24,	1078,	20,	3

// Ghost cave 5 - Ghost cave 6
1079,	17,	0,	1080,	9,	18
1079,	18,	0,	1080,	10,	18
1080,	9,	19,	1079,	17,	1
1080,	10,	19,	1079,	18,	1

// Ghost cave 6 - Ghost cave 7
1080,	9,	2,	1081,	9,	48
1080,	10,	2,	1081,	10,	48
1081,	9,	49,	1080,	9,	3
1081,	10,	49,	1080,	10,	3

// Ghost cave 7 - Ghost cave 8
1081,	9,	3,	1082,	5,	18
1081,	10,	3,	1082,	6,	18
1082,	5,	19,	1081,	9,	4
1082,	6,	19,	1081,	10,	4

// Ghost cave 8 - Ghost cave 9
1082,	13,	0,	1083,	15,	24
1082,	14,	0,	1083,	16,	24
1083,	15,	25,	1082,	13,	1
1083,	16,	25,	1082,	13,	1
1083,	17,	25,	1082,	14,	1
1083,	18,	25,	1082,	14,	1

// Ghost cave 9 - Buya
1083,	15,	7,	1000,	132,	23
1083,	16,	7,	1000,	133,	23

/// Haunted House //////////////////////

// Buya - HH 1
1000,	9,	65,	1093,	1,	13
1093,	0,	13,	1000,	9,	66
1093,	0,	14,	1000,	9,	66

// HH 1 - HH 2
1093,	11,	25,	1094,	6,	28
1093,	12,	25,	1094,	7,	28
1094,	6,	29,	1093,	11,	26
1094,	7,	29,	1093,	12,	26

// HH 2 - HH 3
1094,	23,	1,	1095,	21,	17
1094,	24,	1,	1095,	22,	17
1095,	21,	16,	1094,	23,	2
1095,	22,	16,	1094,	24,	2

// HH 3 - HH 4
1095,	15,	11,	1096,	22,	28
1095,	16,	11,	1096,	23,	28
1096,	22,	29,	1095,	15,	12
1096,	23,	29,	1095,	16,	12

// HH 4 - HH 5
1096,	5,	2,	1097,	9,	28
1096,	6,	2,	1097,	10,	28
1097,	9,	29,	1096,	5,	3
1097,	10,	29,	1096,	6,	3

// HH 5 - HH 6
1097,	16,	4,	1098,	22,	28
1097,	17,	4,	1098,	23,	28
1098,	22,	29,	1097,	16,	5
1098,	23,	29,	1097,	17,	5

// HH 6 - HH 7
1098,	23,	1,	1099,	18,	26
1098,	24,	1,	1099,	19,	26
1099,	18,	25,	1098,	23,	2
1099,	19,	25,	1098,	24,	2

// HH 7 - HH 8
1099,	5,	16,	1100,	1,	28
1099,	6,	16,	1100,	2,	28
1100,	1,	29,	1099,	5,	17
1100,	2,	29,	1099,	6,	17

// HH 9 - HH 10
1100,	12,	4,	1101,	14,	22
1100,	13,	4,	1101,	15,	22
1101,	14,	23,	1100,	12,	5
1101,	15,	23,	1100,	13,	5

// HH 10 - HH 11
1101,	20,	4,	1102,	16,	9
1101,	21,	4,	1102,	17,	9
1102,	16,	8,	1101,	20,	5
1102,	17,	8,	1101,	21,	5

// HH 11 - HH 7
1102,	13,	19,	1099,	14,	2

// HH 11 - Buya
1102,	22,	6,	1000,	9,	66

// Buya - Arena
1000,	126,	74,	1104,	13,	13
1000,	127,	74,	1104,	13,	13
1104,	12,	14,	1000,	126,	75
1104,	13,	14,	1000,	127,	75
1104,	14,	14,	1000,	127,	75

// Game center - elevator
11,	7,	2,	10,	8,	5
11,	8,	2,	10,	8,	5
11,	9,	2,	10,	8,	5

// Buya - prophet West
1000,	29,	56,	1105,	3,	8
1000,	30,	56,	1105,	4,	8
1105,	3,	9,	1000,	29,	57
1105,	4,	9,	1000,	30,	57
10000,	44,	29,	10005,	14,	18
10000,	45,	29,	10005,	15,	18

// Forest - Weaving
10005,	13,	19,	10000,	44,	30
10005,	14,	19,	10000,	44,	30
10005,	15,	19,	10000,	45,	30
10005,	16,	19,	10000,	45,	30

// Forest - Gem cutting
10000,	46,	39,	10002,	11,	23
10000,	47,	39,	10002,	12,	23
10002,	11,	24,	10000,	46,	40
10002,	12,	24,	10000,	47,	40

// Forest - Gem mining
10000,	213,	105,	10003,	2,	25
10000,	214,	105,	10003,	2,	25
10003,	2,	24,	10000,	213,	106
10003,	24,	1,	10000,	213,	106

// Forest
10000,	47,	32,	10000,	210,	139
10000,	48,	32,	10000,	211,	139
10000,	210,	140,	10000,	47,	31
10000,	211,	140,	10000,	48,	31

// Forest - Ore Mining
10000,	215,	34,	10004,	17,	30
10004,	17,	29,	10000,	215,	35

// Forest - Lumberjack
10000,	109,	194,	10006,	17,	1
10006,	16,	0,	10000,	109,	195
10006,	17,	0,	10000,	109,	195
10006,	18,	0,	10000,	109,	195

// Forest - Jujak Temple
10000,	117,	208,	10013,	16,	30
10000,	118,	208,	10013,	17,	30
10013,	16,	31,	10000,	117,	209
10013,	17,	31,	10000,	118,	209

// Forest - Baekho Temple
10000,	15,	127,	10014,	16,	30
10000,	16,	127,	10014,	17,	30
10014,	16,	31,	10000,	15,	128
10014,	17,	31,	10000,	16,	128

// Forest - Hyunmoo Temple
10000,	147,	9,	10015,	16,	30
10000,	148,	9,	10015,	17,	30
10015,	16,	31,	10000,	147,	10
10015,	17,	31,	10000,	148,	10

// Forest - Chungryong Temple
10000,	210,	96,	10016,	16,	30
10000,	211,	96,	10016,	17,	30
10016,	16,	31,	10000,	210,	97
10016,	17,	31,	10000,	211,	97

// Forest - Subpath master
10000,	126,	7,	10007,	1,	14
10007,	0,	14,	10000,	127,	7

// Arena 1 - Arena 2
1104,	26,	7,	1110,	1,	7
1104,	26,	8,	1110,	1,	8
1110,	0,	7,	1104,	25,	7
1110,	0,	8,	1104,	25,	8

// Sheperd - Forest
10022,	14,	29,	10000,	129,	101
10022,	15,	29,	10000,	129,	101

// Market - Perampok 1
500,	62,	18,	600,	11,	3
500,	63,	18,	600,	12,	3
600,	11,	2,	500,	62,	19
600,	12,	2,	500,	63,	19

// Perampok 1 - Perampok 2
600,	21,	25,	601,	10,	4
600,	22,	25,	601,	11,	4
601,	10,	3,	600,	21,	24
601,	11,	3,	600,	22,	24

// Perampok 2 - Perampok 3
601,	23,	2,	602,	15,	25
601,	24,	2,	602,	16,	25
602,	15,	26,	601,	23,	3
602,	16,	26,	601,	24,	3

// Perampok 3 - Perampok 4
602,	14,	1,	603,	13,	9
602,	15,	1,	603,	13,	9
603,	12,	9,	602,	14,	2

// Perampok 4 - Perampok 5
603,	20,	26,	604,	21,	5
603,	21,	26,	604,	22,	5
604,	21,	4,	603,	20,	25
604,	22,	4,	603,	21,	25

// Perampok 5 - Perampok 6
604,	18,	24,	605,	3,	22
604,	19,	24,	605,	4,	22
605,	3,	21,	604,	18,	25
605,	4,	21,	604,	19,	25

// Perampok 6 - Perampok 7
605,	11,	1,	606,	6,	4
605,	12,	1,	606,	6,	4
606,	7,	4,	605,	11,	2

// Perampok 7 - Perampok 8
606,	6,	22,	607,	13,	4
606,	7,	22,	607,	14,	4
607,	13,	3,	606,	6,	23
607,	14,	3,	606,	7,	23

// Perampok 8 - Perampok 9
607,	13,	57,	608,	16,	21
607,	14,	57,	608,	17,	21
608,	16,	20,	607,	13,	56
608,	17,	20,	607,	14,	56

// Perampok 9 - Perampok 10
608,	7,	13,	609,	4,	23
609,	4,	22,	608,	8,	13
609,	5,	22,	608,	8,	13

// Perampok 10 - 1
609,	12,	9,	600,	5,	17
609,	13,	9,	600,	5,	17

///////////////////////////////////////

// Market - Artic
500,	65,	3,	610,	1,	19
500,	66,	3,	610,	1,	19
500,	67,	3,	610,	1,	19
610,	0,	19,	500,	66,	4
610,	0,	20,	500,	66,	4

// Artic - Pole area
610,	29,	20,	611,	1,	5
610,	29,	21,	611,	1,	5
610,	29,	22,	611,	1,	5
611,	0,	5,	610,	28,	21

// Pole area - Pole forest
611,	13,	19,	612,	13,	1
612,	13,	0,	611,	13,	18

// Pole forest - Pole shine
612,	4,	19,	613,	4,	1
613,	4,	0,	612,	4,	18

// Pole shine - Lost pole
613,	7,	19,	614,	7,	1
614,	7,	0,	613,	7,	18

// Lost pole - Ice pole
614,	14,	19,	615,	14,	1
615,	14,	0,	614,	14,	18

// Ice pole - Anger of snow
615,	5,	19,	616,	5,	1
616,	5,	0,	615,	5,	18

// Anger of snow - Heart of snow
616,	5,	19,	617,	4,	1
617,	4,	0,	616,	5,	18

// Heart of snow - Snow forest
617,	14,	19,	618,	14,	1
618,	14,	0,	617,	14,	18

// Snow forest - Freezing pole
618,	5,	19,	619,	5,	1
619,	5,	0,	618,	5,	18

// Freezing pole - Freezing snow
619,	19,	6,	620,	1,	6
620,	0,	6,	619,	18,	6

// Freezing snow - East ice lake
620,	17,	19,	621,	17,	1
621,	17,	0,	620,	17,	18

// East ice lake - West ice lake
621,	0,	17,	622,	18,	17
622,	19,	17,	621,	1,	17

// West ice lake - Ice cave 1
622,	13,	0,	623,	3,	38
623,	1,	39,	622,	13,	1
623,	2,	39,	622,	13,	1
623,	3,	39,	622,	13,	1
623,	4,	39,	622,	13,	1

// Ice cave 1 - Ice cave 2
623,	15,	39,	624,	4,	1
623,	16,	39,	624,	5,	1
623,	17,	39,	624,	6,	1
623,	18,	39,	624,	7,	1
624,	4,	0,	623,	15,	38
624,	5,	0,	623,	16,	38
624,	6,	0,	623,	17,	38
624,	7,	0,	623,	18,	38

// Ice cave 2 - Ice cave 3
624,	22,	0,	625,	1,	38
624,	23,	0,	625,	2,	38
624,	24,	0,	625,	3,	38
624,	25,	0,	625,	4,	38
625,	1,	39,	624,	22,	1
625,	2,	39,	624,	23,	1
625,	3,	39,	624,	24,	1
625,	4,	39,	624,	25,	1

// Ice cave 3 - Ice cave 4
625,	15,	39,	626,	28,	3
625,	16,	39,	626,	28,	4
625,	17,	39,	626,	28,	5
625,	18,	39,	626,	28,	6
626,	29,	3,	625,	15,	38
626,	29,	4,	625,	16,	38
626,	29,	5,	625,	17,	38
626,	29,	6,	625,	18,	38

// Ice cave 4 - Ice cave 5
626,	29,	23,	627,	38,	8
626,	29,	24,	627,	38,	9
626,	29,	25,	627,	38,	10
626,	29,	26,	627,	38,	11
627,	39,	8,	626,	28,	23
627,	39,	9,	626,	28,	24
627,	39,	10,	626,	28,	25
627,	39,	11,	626,	28,	26

// Ice cave 5 - Ice cave 6
627,	2,	0,	628,	2,	24
627,	3,	0,	628,	3,	24
627,	4,	0,	628,	4,	24
627,	5,	0,	628,	5,	24
628,	2,	25,	627,	2,	1
628,	3,	25,	627,	3,	1
628,	4,	25,	627,	4,	1
628,	5,	25,	627,	5,	1

// Ice cave 6 - Ice cave 7
628,	24,	25,	629,	1,	3
628,	25,	25,	629,	1,	4
628,	26,	25,	629,	1,	5
628,	27,	25,	629,	1,	6
629,	0,	3,	628,	24,	24
629,	0,	4,	628,	25,	24
629,	0,	5,	628,	26,	24
629,	0,	6,	628,	27,	24

// Ice cave 7 - Ice cave 8
629,	0,	23,	630,	18,	1
629,	0,	24,	630,	19,	1
629,	0,	25,	630,	20,	1
629,	0,	26,	630,	21,	1
630,	18,	0,	629,	1,	23
630,	19,	0,	629,	1,	24
630,	20,	0,	629,	1,	25
630,	21,	0,	629,	1,	26

// Ice cave 8 - Ice cave 9
630,	8,	0,	631,	14,	38
630,	9,	0,	631,	15,	38
630,	10,	0,	631,	16,	38
630,	11,	0,	631,	17,	38
631,	14,	39,	630,	8,	1
631,	15,	39,	630,	9,	1
631,	16,	39,	630,	10,	1
631,	17,	39,	630,	11,	1

// Ice cave 9 - Ice cave 10
631,	0,	3,	632,	28,	3
631,	0,	4,	632,	28,	4
631,	0,	5,	632,	28,	5
631,	0,	6,	632,	28,	6
632,	29,	3,	631,	1,	3
632,	29,	4,	631,	1,	4
632,	29,	5,	631,	1,	5
632,	29,	6,	631,	1,	6

// Ice cave 10 - Ice cave 11
632,	25,	29,	633,	1,	3
632,	26,	29,	633,	1,	4
632,	27,	29,	633,	1,	5
632,	28,	29,	633,	1,	6
633,	0,	3,	632,	25,	28
633,	0,	4,	632,	26,	28
633,	0,	5,	632,	27,	28
633,	0,	6,	632,	28,	28

// Ice cave 11 - Ice cave 12
633,	0,	13,	634,	38,	4
633,	0,	14,	634,	38,	5
633,	0,	15,	634,	38,	6
633,	0,	16,	634,	38,	7
634,	39,	4,	633,	1,	13
634,	39,	5,	633,	1,	14
634,	39,	6,	633,	1,	15
634,	39,	7,	633,	1,	16

// Ice cave 12 - Ice cave 6
634,	36,	19,	628,	22,	1
634,	37,	19,	628,	23,	1
634,	38,	19,	628,	24,	1
634,	39,	19,	628,	25,	1
628,	22,	0,	634,	36,	18
628,	23,	0,	634,	37,	18
628,	24,	0,	634,	38,	18
628,	25,	0,	634,	39,	18

// Ice cave 6 - Ice cave 12
628,	4,	0,	632,	1,	28
628,	5,	0,	632,	2,	28
628,	6,	0,	632,	3,	28
628,	7,	0,	632,	4,	28
632,	1,	29,	628,	4,	1
632,	2,	29,	628,	5,	1
632,	3,	29,	628,	6,	1
632,	4,	29,	628,	7,	1

